
  CKLIB:  Chemical Kinetics Library
          CHEMKIN-II Version 4.2, September 1993
          DOUBLE PRECISION
 rho is   4.532993805448954E-006
 c_pb is    12158316.7804004     
 wdot is   1.786389641065117E-019  0.000000000000000E+000
 -5.272323440085563E-026 -2.462854344214768E-014  0.000000000000000E+000
  0.000000000000000E+000  0.000000000000000E+000  2.462854344217404E-014
  0.000000000000000E+000  0.000000000000000E+000  0.000000000000000E+000
  0.000000000000000E+000  0.000000000000000E+000  0.000000000000000E+000
  0.000000000000000E+000  0.000000000000000E+000  0.000000000000000E+000
  0.000000000000000E+000  0.000000000000000E+000  0.000000000000000E+000
  0.000000000000000E+000  0.000000000000000E+000  0.000000000000000E+000
 -2.462872208113814E-014  2.462872208113814E-014  0.000000000000000E+000
  0.000000000000000E+000  0.000000000000000E+000  0.000000000000000E+000
  0.000000000000000E+000  0.000000000000000E+000  0.000000000000000E+000
  0.000000000000000E+000  0.000000000000000E+000  0.000000000000000E+000
  0.000000000000000E+000  0.000000000000000E+000  0.000000000000000E+000
  0.000000000000000E+000  0.000000000000000E+000  0.000000000000000E+000
  0.000000000000000E+000  0.000000000000000E+000  0.000000000000000E+000
  0.000000000000000E+000  0.000000000000000E+000  0.000000000000000E+000
  0.000000000000000E+000  0.000000000000000E+000  0.000000000000000E+000
  0.000000000000000E+000  0.000000000000000E+000  0.000000000000000E+000
  0.000000000000000E+000  0.000000000000000E+000  0.000000000000000E+000
  0.000000000000000E+000  0.000000000000000E+000  0.000000000000000E+000
  0.000000000000000E+000  0.000000000000000E+000  0.000000000000000E+000
  0.000000000000000E+000  0.000000000000000E+000  0.000000000000000E+000
  0.000000000000000E+000  0.000000000000000E+000  0.000000000000000E+000
  0.000000000000000E+000  0.000000000000000E+000  0.000000000000000E+000
  0.000000000000000E+000  0.000000000000000E+000  0.000000000000000E+000
  0.000000000000000E+000  0.000000000000000E+000  0.000000000000000E+000
  0.000000000000000E+000  0.000000000000000E+000  0.000000000000000E+000
  0.000000000000000E+000  0.000000000000000E+000  0.000000000000000E+000
 enthalpy is    2266099336273.92        72903177721.4649     
   162400237849.022        4949325736.10784        30671051350.4897     
  -124232293466.696        5370229736.05544        9873564515.24648     
  -32365371334.3748        2611132413.11676        26060440081.3766     
  -34040815600.6872       -84226023317.2040       -28701072700.6705     
   21492886856.3545       -76044068859.6046       -22973018120.5768     
  -29896070004.6602       -52982124136.9841        4381698732.26242     
   16536391802.4520       -16911396194.2001        10093208996.0888     
  -30982794432.6117        113052445837.255        292657085246.978     
   318965626737.073        605326520201.594        469060909895.026     
  -34072768163.0417        43341428030.3026       -14136733549.1742     
   54192258339.2082        30424753676.5002        120492405561.807     
   98349655269.4015        236180124223.718       -28582397166.9227     
   5894902474.95167        11841652125.5238       -3539074291.69094     
   50823981707.6676        168303316093.828        100898729584.917     
   30659905749.0258       -36403241574.5889       -16256050236.6196     
  -28945123644.1949       -40249702674.1963        7331267021.69758     
   4583044745.75429       -2043580580.29074       -12863234429.4087     
  -16739483263.6581        4891333347.31243        15859620456.2737     
  -2957768967.69726        46518352793.2747       -17713196987.6402     
  -52838345545.4803       -18997233722.7888       -19276396883.6687     
  -43943778838.9287       -18654120682.6496       -16985871505.1895     
  -17883996957.3694        261827564970.693        684394920093.600     
   1245263588.49161       -30983846989.1963        113056543979.679     
   292668456408.796        34419357926.9166        54082173525.5228     
   4949325736.10784        280591388104.462        414606014326.537     
   371110797397.222        162405770003.144        34580748644.9605     
   4796598389277.70        5968949492776.53        191393613241559.     
